[
  {
    "key": "Doctissimo",
    "values":[
    [2000,  76   ],
    [2001,  271  ],
    [2002,  1359 ],
    [2003,  26290],
    [2004,  64831],
    [2005,  89150],
    [2006,  96912],
    [2007,  94415],
    [2008,  97809],
    [2009,  85728],
    [2010,  72804],
    [2011,  67020],
    [2012,  51988],
    [2013,  37126]
    ]
  },

  {
  "key": "Au Feminin",
  "values": [
    [2000,  0    ],
    [2001,  87   ],
    [2002,  14054],
    [2003,  18460],
    [2004,  41769],
    [2005,  52209],
    [2006,  49962],
    [2007,  57463],
    [2008,  42055],
    [2009,  30443],
    [2010,  23519],
    [2011,  23708],
    [2012,  24018],
    [2013,  29965]
    ]
  }
]
